Webots Project File version R2025a
perspectives: 000000ff00000000fd00000002000000010000027c000002a0fc0200000001fb0000001400540065007800740045006400690074006f00720100000000000002a00000008b00ffffff00000003000005b20000009cfc0100000001fb0000001a0043006f006e0073006f006c00650041006c006c0041006c006c0100000000000005b20000008700ffffff00000334000002a000000001000000020000000100000008fc00000000
simulationViewPerspectives: 000000ff0000000100000002000001140000021e0100000002010000000101
sceneTreePerspectives: 000000ff00000001000000030000001e00000226000000fa0100000002010000000201
minimizedPerspectives: 000000ff00000000fd000000020000000100000a000000052ffc0200000001fb0000001400540065007800740045006400690074006f007201000000150000052f0000008500ffffff0000000300000a000000052ffc0100000001fb0000001a0043006f006e0073006f006c00650041006c006c0041006c006c010000000000000a000000000000000000000000000000052f00000001000000020000000100000008fc00000000
maximizedDockId: -1
centralWidgetVisible: 1
renderingMode: PLAIN
orthographicViewHeight: 1
textFiles: 1 "worlds/group47.wbt" "controllers/main_controller/navigation.py" "controllers/main_controller/detection.py" "controllers/main_controller/main_controller.py" "worlds/.group47.wbproj" "controllers/main_controller/mapping.py"
consoles: Console:All:All
renderingDevicePerspectives: TurtleBot3Burger:display;0;1.89194;0;0.024
renderingDevicePerspectives: TurtleBot3Burger:rgb_camera;0;0.392188;0;0
