Webots Project File version R2025a
perspectives: 000000ff00000000fd0000000200000001000002c000000349fc0200000001fb0000001400540065007800740045006400690074006f00720100000019000003490000008a00ffffff0000000300000780000000dafc0100000001fb0000001a0043006f006e0073006f006c00650041006c006c0041006c006c0100000000000007800000006900ffffff000004be0000034900000001000000020000000100000008fc00000000
simulationViewPerspectives: 000000ff0000000100000002000001140000021f0100000002010000000101
sceneTreePerspectives: 000000ff000000010000000300000022000000c0000000fa0100000002010000000201
minimizedPerspectives: 000000ff00000000fd0000000200000001000002c000000425fc0200000001fb0000001400540065007800740045006400690074006f00720100000019000004250000008a00ffffff00000002000004be000002a4fc0100000001fb0000001a0043006f006e0073006f006c00650041006c006c0041006c006c0100000000000004be0000006900ffffff000004be0000017f00000001000000020000000100000008fc00000000
maximizedDockId: -1
centralWidgetVisible: 1
orthographicViewHeight: 1
textFiles: 1 "worlds/group47.wbt" "controllers/main_controller/navigation.py" "controllers/main_controller/mapping.py" "controllers/main_controller/detection.py" "controllers/main_controller/main_controller.py"
consoles: Console:All:All
renderingDevicePerspectives: TurtleBot3Burger:display;1;1.65312;0.661359;0.501906
renderingDevicePerspectives: TurtleBot3Burger:rgb_camera;1;0.666667;0;0
