Webots Project File version R2025a
perspectives: 000000ff00000000fd00000002000000010000030400000318fc0200000001fb0000001400540065007800740045006400690074006f00720100000019000003180000008a00ffffff00000003000007800000010bfc0100000001fb0000001a0043006f006e0073006f006c00650041006c006c0041006c006c0100000000000007800000006900ffffff0000047a0000031800000001000000020000000100000008fc00000000
simulationViewPerspectives: 000000ff000000010000000200000100000002d60100000002010000000101
sceneTreePerspectives: 000000ff000000010000000300000022000000c0000000000100000002010000000201
minimizedPerspectives: 000000ff00000000fd000000020000000100000a000000052ffc0200000001fb0000001400540065007800740045006400690074006f007201000000150000052f0000008500ffffff0000000300000a000000052ffc0100000001fb0000001a0043006f006e0073006f006c00650041006c006c0041006c006c010000000000000a000000000000000000000000000000052f00000001000000020000000100000008fc00000000
maximizedDockId: -1
centralWidgetVisible: 1
renderingMode: PLAIN
orthographicViewHeight: 1
textFiles: 2 "worlds/group47.wbt" "controllers/main_controller/navigation.py" "controllers/main_controller/detection.py" "controllers/main_controller/main_controller.py" "controllers/main_controller/launch_gui.py" "worlds/.group47.wbproj" "controllers/main_controller/mapping.py"
consoles: Console:All:All
renderingDevicePerspectives: TurtleBot3Burger:display;0;2.44458;0.0363886;0.48196
renderingDevicePerspectives: TurtleBot3Burger:rgb_camera;1;0.392188;0;0
