Webots Project File version R2025a
perspectives: 000000ff00000000fd000000020000000100000362000003b5fc0200000001fb0000001400540065007800740045006400690074006f00720000000019000003b50000008a00ffffff00000003000007800000006efc0100000001fb0000001a0043006f006e0073006f006c00650041006c006c0041006c006c0100000000000007800000006900ffffff00000780000003b500000001000000020000000100000008fc00000000
simulationViewPerspectives: 000000ff0000000100000002000000000000077e0100000002010000000101
sceneTreePerspectives: 000000ff000000010000000300000022000000c0000000000100000002010000000201
minimizedPerspectives: 000000ff00000000fd000000020000000100000a000000052ffc0200000001fb0000001400540065007800740045006400690074006f007201000000150000052f0000008500ffffff0000000300000a000000052ffc0100000001fb0000001a0043006f006e0073006f006c00650041006c006c0041006c006c010000000000000a000000000000000000000000000000052f00000001000000020000000100000008fc00000000
maximizedDockId: -1
centralWidgetVisible: 1
renderingMode: PLAIN
orthographicViewHeight: 1
textFiles: 1 "worlds/group47.wbt" "controllers/main_controller/navigation.py" "controllers/main_controller/detection.py" "controllers/main_controller/main_controller.py" "controllers/main_controller/launch_gui.py" "worlds/.group47.wbproj" "controllers/main_controller/mapping.py"
consoles: Console:All:All
renderingDevicePerspectives: TurtleBot3Burger:display;0;2.08181;0.00421179;0.024
renderingDevicePerspectives: TurtleBot3Burger:rgb_camera;1;0.392188;0;0
