Webots Project File version R2025a
perspectives: 000000ff00000000fd0000000300000000000001ca0000039ffc0200000001fb00000012005300630065006e0065005400720065006501000000000000039f000000000000000000000001000003af0000041dfc0200000001fc0000001d0000041d0000009200fffffffa000000010100000002fb0000001a0043006f006e0073006f006c00650041006c006c0041006c006c0100000000ffffffff0000000000000000fb0000001400540065007800740045006400690074006f007201000003d1000003af0000007500ffffff00000003000007800000003afc0100000002fb0000000e0043006f006e0073006f006c006501000000000000073f0000000000000000fb0000001a0043006f006e0073006f006c00650041006c006c0041006c006c02000000f70000014e0000077e00000074000003cf0000041d00000004000000040000000100000008fc00000000
simulationViewPerspectives: 000000ff00000001000000020000013e0000028f0100000002010000000101
sceneTreePerspectives: 000000ff000000010000000300000026000000c0000000fa0100000002010000000201
minimizedPerspectives: 000000ff00000000fd0000000300000000000001ca0000039ffc0200000001fb00000012005300630065006e0065005400720065006501000000000000039f000000000000000000000001000003af0000041dfc0200000001fc0000001d0000041d000000b801000025fa000000000100000002fb0000001a0043006f006e0073006f006c00650041006c006c0041006c006c0100000000ffffffff0000006900fffffffb0000001400540065007800740045006400690074006f007201000003d1000003af0000007500ffffff00000003000007800000003afc0100000002fb0000000e0043006f006e0073006f006c006501000000000000073f0000000000000000fb0000001a0043006f006e0073006f006c00650041006c006c0041006c006c02000000f70000014e0000077e00000074000003cf0000041d00000004000000040000000100000008fc00000000
maximizedDockId: -1
centralWidgetVisible: 1
orthographicViewHeight: 1
textFiles: 5 "controllers/main_controller/main_controller.py" "protos/TurtleBot3Burger.proto" "worlds/.group47.wbproj" "controllers/main_controller/navigation.py" "worlds/group47.wbt" "controllers/main_controller/detection.py"
renderingDevicePerspectives: TurtleBot3Burger:display;0;2.06965;0.00970874;0.0174622
renderingDevicePerspectives: TurtleBot3Burger:rgb_camera;1;0.498437;0;0
