Webots Project File version R2025a
perspectives: 000000ff00000000fd0000000300000000000001ca0000039ffc0200000001fb00000012005300630065006e0065005400720065006501000000000000039f000000000000000000000001000003af00000216fc0200000001fb0000001400540065007800740045006400690074006f00720100000019000002160000008a00ffffff000000030000078000000249fc0100000003fb0000000e0043006f006e0073006f006c006501000000000000073f0000000000000000fb0000001a0043006f006e0073006f006c00650041006c006c0041006c006c0100000000000007800000006900fffffffb0000001a0043006f006e0073006f006c00650041006c006c0041006c006c0100000000000007800000000000000000000003cf0000021600000004000000040000000100000008fc00000000
simulationViewPerspectives: 000000ff0000000100000002000000fc000005b80100000002010000000101
sceneTreePerspectives: 000000ff000000010000000300000022000000c0000000fa0100000002010000000201
maximizedDockId: -1
centralWidgetVisible: 1
orthographicViewHeight: 1
textFiles: 0 "controllers/main_controller/main_controller.py" "controllers/main_controller/navigation.py" "controllers/main_controller/mapping.py" "controllers/main_controller/detection.py" "worlds/.group47.wbproj" "worlds/group47.wbt" "controllers/main_controller/communication.py"
consoles: Console:All:All
renderingDevicePerspectives: TurtleBot3Burger:display;0;2.91333;0.0416089;0.0718816
renderingDevicePerspectives: TurtleBot3Burger:rgb_camera;1;0.98125;0;0
